image_width: 1920
image_height: 1080
camera_name: color
camera_matrix:
  rows: 3
  cols: 3
  data: [1262.8182645272896, 0.0, 960.5, 0.0, 1262.8182645272896, 540.5, 0.0, 0.0, 1.0]

distortion_model: plumb_bob
distortion_coefficients:
  rows: 1
  cols: 5
  data: [0.0, 0.0, 0.0, 0.0, 0.0]
rectification_matrix:
  rows: 3
  cols: 3
  data: [ 1.,  0.,  0.,
          0.,  1.,  0.,
          0.,  0.,  1.]
projection_matrix:
  rows: 3
  cols: 4
  data: [1262.8182645272896, 0.0, 960.5, -88.39727851691028, 0.0, 1262.8182645272896, 540.5, 0.0, 0.0, 0.0, 1.0, 0.0]

